[image]

width
640

height
480

[narrow_stereo]

camera matrix
528.963795 0.000000 300.441205
0.000000 529.372856 241.815110
0.000000 0.000000 1.000000

distortion
-0.082430 0.152254 -0.003181 -0.001335 0.000000

rectification
1.000000 0.000000 0.000000
0.000000 1.000000 0.000000
0.000000 0.000000 1.000000

projection
531.766695 0.000000 300.717577 0.000000
0.000000 531.832242 240.132872 0.000000
0.000000 0.000000 1.000000 0.000000


    camera_matrix = np.array([
        [528.963795, 0.0,       300.441205],
        [0.0,        529.372856, 241.815110],
        [0.0,        0.0,         1.0]
    ], dtype=np.float32)

    distortion_matrix = np.array([
        -0.082430,
        0.152254,
        -0.003181,
        -0.001335,
        0.000000
    ], dtype=np.float32)
