[image]

width
640

height
480

[narrow_stereo]

camera matrix
791.656944 0.000000 329.281848
0.000000 791.986281 244.837528
0.000000 0.000000 1.000000

distortion
0.118780 -0.191787 -0.007330 0.003746 0.000000

rectification
1.000000 0.000000 0.000000
0.000000 1.000000 0.000000
0.000000 0.000000 1.000000

projection
808.839685 0.000000 330.846568 0.000000
0.000000 808.061456 242.454523 0.000000
0.000000 0.000000 1.000000 0.000000

    camera_matrix = np.array([
        [791.656944, 0.000000, 329.281848],
        [0.000000, 791.986281, 244.837528],
        [0.0,        0.0,         1.0]
    ], dtype=np.float32)

    distortion_matrix = np.array([0.118780, -0.191787, -0.007330, 0.003746, 0.000000], dtype=np.float32)
